<?xml version="1.0"?>
<opencv_storage>
<calibration_Time>"Tue 18 Jun 2019 12:51:36 IST"</calibration_Time>
<nrOfFrames>40</nrOfFrames>
<image_Width>640</image_Width>
<image_Height>480</image_Height>
<board_Width>7</board_Width>
<board_Height>9</board_Height>
<square_Size>5.</square_Size>
<FixAspectRatio>1.</FixAspectRatio>
<!-- flags:  +fix_aspectRatio +fix_principal_point +zero_tangent_dist -->
<flagValue>14</flagValue>
<Camera_Matrix type_id="opencv-matrix">
  <rows>3</rows>
  <cols>3</cols>
  <dt>d</dt>
  <data>
    7.4454768644966941e+02 0. 320. 0. 7.4454768644966941e+02 240. 0. 0.
    1.</data></Camera_Matrix>
<Distortion_Coefficients type_id="opencv-matrix">
  <rows>5</rows>
  <cols>1</cols>
  <dt>d</dt>
  <data>
    -3.3402692930715894e-01 2.5667061600543528e+00 0. 0.
    -5.6583734773507848e+00</data></Distortion_Coefficients>
<Avg_Reprojection_Error>2.6486730394096469e-01</Avg_Reprojection_Error>
<Per_View_Reprojection_Errors type_id="opencv-matrix">
  <rows>40</rows>
  <cols>1</cols>
  <dt>f</dt>
  <data>
    1.36205286e-01 1.33100376e-01 1.64891481e-01 1.85764074e-01
    2.38166511e-01 2.26839826e-01 2.72579432e-01 2.67149895e-01
    4.04012680e-01 3.72177154e-01 1.93216562e-01 2.28160486e-01
    5.49510002e-01 4.52576816e-01 4.07139212e-01 3.59531522e-01
    1.70491502e-01 1.76613525e-01 1.70357153e-01 1.79715186e-01
    1.91244185e-01 2.43512914e-01 1.94870040e-01 2.44310066e-01
    1.95077330e-01 3.25978726e-01 2.70610511e-01 2.62517422e-01
    2.05132633e-01 1.72294706e-01 1.64212018e-01 2.06318304e-01
    2.56859720e-01 2.20050097e-01 2.04922304e-01 2.30699345e-01
    2.99706280e-01 2.93197602e-01 1.90143153e-01 3.11446309e-01</data></Per_View_Reprojection_Errors>
<!-- a set of 6-tuples (rotation vector + translation vector) for each view -->
<Extrinsic_Parameters type_id="opencv-matrix">
  <rows>40</rows>
  <cols>6</cols>
  <dt>d</dt>
  <data>
    8.2622508733015368e-02 2.5781726836198837e-01 1.4841674683803634e+00
    3.7600083635295945e+01 -2.8438309442547133e+01
    1.6758261101146547e+02 9.0112076020644305e-02 2.5261864215590324e-01
    1.4731827444360601e+00 4.1138613022787474e+01
    -2.7477676058739387e+01 1.6423309815689677e+02
    8.4533752460777586e-02 2.7861423196065638e-01 1.4895190380027112e+00
    4.2401952930773994e+01 -2.7368965816611510e+01
    1.6407243903807995e+02 -2.6984532907090464e-01
    1.4377913290694311e-01 -1.4488087752121857e+00
    6.7340769964863645e+00 -2.2401417021476324e+00
    1.6924016286549104e+02 -4.7438601859180130e-01
    2.5839770468533835e-01 -1.2403483496505121e+00
    1.2485372910756631e+01 -9.7463635593397893e+00
    1.7173756906900468e+02 -5.9551074591197328e-01
    3.1510791777577440e-01 -1.1857586770741133e+00
    1.2804578342161205e+01 -1.0087554475756638e+01
    1.7284394346833238e+02 -5.8953854853998422e-01
    2.7819091797906459e-01 -1.2062586586092425e+00
    2.0311770890213953e+01 -7.6758311788990685e+00
    1.7533205591439565e+02 -5.2433882885228267e-01
    1.6527222358388327e-01 -1.2551504363459227e+00
    2.3527239397063635e+01 -7.5476971279219898e+00
    1.7644370573282458e+02 -3.2748330322248365e-01
    3.7783632567427644e-02 -1.3204135709910696e+00
    2.3765631189077798e+01 -3.5624475216789957e+00
    1.7644021604687265e+02 -1.3375955820278568e-01
    -5.6058179169257271e-03 -1.3998123380048266e+00
    1.8738653329647647e+01 1.0250345207935549e+01 1.7222610259196551e+02
    -1.2188532651148357e-01 -6.2252443977539533e-02
    -1.4592761453448251e+00 1.7126466089711109e+01
    1.6296792875455086e+01 1.7057946736045244e+02
    -1.1211670307918653e-01 -1.0718322256520232e-01
    -1.4705217231586383e+00 2.6785928829700406e+01
    9.9421844136331483e+00 1.7370453254370065e+02
    -1.3914892141769367e-01 -3.2251430736511412e-02
    -1.4715809093764882e+00 1.7451899590242633e+01
    7.3976637221956922e+00 1.7985575093937680e+02
    -2.2312030209897343e-01 -4.9438219441489066e-02
    -1.4833775356636365e+00 1.7299380100769026e+00
    3.1193686179051578e+00 1.8011359670089595e+02
    -2.2630669256365152e-01 -6.6645431816667475e-02
    -1.5197846782721143e+00 -1.1506081345252236e+01
    2.6566526977870910e+00 1.7688591606446394e+02
    -1.3813054072174041e-01 1.7432830433334887e-01
    1.5319802941325544e+00 1.8205302395997631e+01
    -2.6809364234326928e+01 1.7674442548885415e+02
    -2.5423744105080953e-01 8.9055486898556337e-03
    1.4123713725479474e+00 3.5854398969051728e+00
    -3.0663760490097513e+01 1.7811447631338962e+02
    -3.4776802948853652e-01 -1.7390547209679405e-01
    1.3790480636990481e+00 -5.8555473392024593e-01
    -3.2140648351478639e+01 1.8282076804227697e+02
    -4.2948110566374181e-01 -2.7892680913261081e-01
    1.3402751504796460e+00 -2.5841437452415450e+00
    -2.9843358034985329e+01 1.8550150201209081e+02
    -4.6680638588605938e-01 -3.3613334533713979e-01
    1.3112988802482746e+00 -3.4026555791319355e+00
    -2.9991163885497077e+01 1.8736537505562515e+02
    -4.6700527459164687e-01 -3.6408570619396935e-01
    1.3114318615968421e+00 -4.7547782101339742e+00
    -3.1375935353884515e+01 1.9098947131066788e+02
    -4.6237789027509585e-01 -3.1372621159493880e-01
    1.3361791265464384e+00 -6.1826216363038018e+00
    -3.2658948513638990e+01 1.9394680792524002e+02
    -4.2048111432074081e-01 -1.7827304534296434e-01
    1.3847192300006477e+00 -8.3209360884588968e+00
    -3.3497489506018717e+01 1.9406564730654011e+02
    -1.8213526414048722e-01 -3.5246043552678485e-01
    1.3614409803685317e+00 -9.8849933387297426e+00
    -2.9866836887989255e+01 1.8536915153203842e+02
    1.7562246790861011e-01 -5.1858783766786343e-01
    1.3830434654719290e+00 -7.0036266204755897e+00
    -2.9753821457860280e+01 1.7603420822300151e+02
    -4.3909882155888247e-01 2.9323470081279185e-01
    -1.6444842505489893e-01 2.4363321849200414e+01
    -2.6030625414313835e+01 2.0832804273510811e+02
    -3.9878755561848306e-01 3.0129739646142539e-01
    -1.7636386442178159e-01 2.3527434875649956e+01
    -2.1705914664966677e+01 2.0623272675716760e+02
    -3.5960970168375794e-01 3.1294705314143095e-01
    -1.7944918314298833e-01 2.2702636922790862e+01
    -1.8456385329120092e+01 2.0526790811495661e+02
    -3.3213843411819954e-01 3.2120649694970926e-01
    -1.8682747746494233e-01 2.0601574112959881e+01
    -1.3354069036787228e+01 2.0393532718555505e+02
    -3.2916979300885574e-01 3.1331589769889112e-01
    -1.7728869811919651e-01 2.1050914657282821e+01
    -1.2817931118812794e+01 2.0440474704643597e+02
    -2.4444560758716222e-01 3.4277854079346426e-01
    -1.9204297101960674e-01 2.1907990683257093e+01
    -1.2630292666237471e+01 2.0308032496543041e+02
    1.4089619032408557e-01 4.2206014741000814e-01
    -2.5149248017483722e-01 2.3143046380524073e+01
    -1.5100791888821194e+01 2.0085479840447414e+02
    3.0562299871692766e-01 4.5967940352249104e-01
    -2.5088808538721136e-01 2.2936711624684868e+01
    -1.7564011387196892e+01 2.0227681553293374e+02
    4.6349263669518337e-01 4.8451521020416438e-01
    -2.4868031989650755e-01 1.3002325043855118e+01
    -3.4685684682016770e+01 2.0528721087279752e+02
    4.5886710047339491e-01 4.9427448905435190e-01
    -2.4163111217492231e-01 1.4079243778892135e+01
    -3.5594437295996471e+01 2.0575211693296416e+02
    5.0318506067877078e-01 3.3061293389488705e-01
    -2.9709908906973459e-01 2.5043605247446074e+01
    -3.6279594886323707e+01 2.0627264186506096e+02
    5.2193416865721853e-01 2.0827023362923652e-01
    -3.7678925320149614e-01 1.9901105331262787e+01
    -3.3253364538117921e+01 2.0241316251884203e+02
    5.3670401611264640e-01 -1.6266336488307601e-01
    -1.1067228641346998e+00 -1.2007846528252486e+01
    -1.0252757875641445e+01 1.9143662614317884e+02
    4.5159363330079305e-01 -1.7163975856347816e-01
    -1.1883716812123535e+00 -1.6227158859863255e+01
    -1.0716695605184025e+01 1.9405441252639849e+02
    -4.4886341764587223e-01 -3.4847238358590804e-01
    1.4201437162040633e+00 -1.0340496660178982e+01
